N <- 5
y <- c(1, 2, 3, 4, 5)
x <- c(1, 2, 3, 4, 5)
